2	6.419999408535659e-06	
3	9.380000119563191e-06	1.4610593432597652
4	2.1279999054968356e-05	2.26865658675059
5	4.5480001426767557e-05	2.1372182070726686
6	0.00012347999872872606	2.715039464709671
7	0.0003944800002500415	3.1946874336845186
8	0.0008076400001300499	2.0473534770283073
9	0.0019940799989853985	2.469020849220324
10	0.004789800000435207	2.4020099508907817
11	0.011576179998519365	2.41683995103502
12	0.026972480000404177	2.329998324477855
13	0.06272570000000996	2.325544406708987
14	0.1435942599986447	2.2892412519688405
15	0.33256299999920885	2.3159909038310285
