2	4.430000626598485e-06	
3	5.134999810252339e-06	1.1591420054030956
4	5.955000233370811e-06	1.159688501152676
5	6.070000745239668e-06	1.0193115881380514
6	7.874999937484972e-06	1.2973639160853243
7	1.0924999878625386e-05	1.3873015829019153
8	1.2830000196117908e-05	1.1743707403804764
9	1.2454998795874417e-05	0.9707715203030972
10	1.2044999311910943e-05	0.9670815316257372
11	1.2420000348356553e-05	1.0311333381376604
12	1.593000051798299e-05	1.2826087013830791
13	1.8855000598705372e-05	1.1836158183058703
14	1.74449996848125e-05	0.9252187287657957
15	1.9645001520984807e-05	1.1261107409527564
16	2.093500006594695e-05	1.0656654846060545
17	2.4394999127252958e-05	1.165273420129292
18	2.692500056582503e-05	1.1037098392738072
19	2.6485000125830994e-05	0.9836582941226559
20	3.5050000587943944e-05	1.3233906143636167
21	3.0039998819120228e-05	0.8570612928735016
22	3.538499986461829e-05	1.177929469228075
23	3.734000092663337e-05	1.055249429687575
24	4.2585000483086335e-05	1.1404659728519686
25	3.96249997720588e-05	0.9304919413537832
26	4.2195000423816965e-05	1.064858060985287
27	4.617499980668072e-05	1.0943239564613736
28	4.899499981547706e-05	1.0610720091088843
29	5.185999943932984e-05	1.0584753471709933
30	5.239999918558169e-05	1.0104126446604302
31	5.455499886011239e-05	1.0411259486264204
32	6.648000089626294e-05	1.2185867892093285
33	6.081999927118886e-05	0.9148615892182962
34	7.023000034678262e-05	1.1547188620249027
35	6.859500099380967e-05	0.9767193600327548
36	7.097999914549292e-05	1.0347692706046974
37	7.670999912079424e-05	1.080726965966231
38	7.704999989073258e-05	1.0044322874962226
39	8.081500163825694e-05	1.048864396532948
40	8.286499978567008e-05	1.0253665545487372
41	9.620999917387962e-05	1.161045066345578
42	0.00010062999972433317	1.0459411764723676
43	9.933500004990491e-05	0.9871310774324178
44	0.00010925499955192209	1.0998640911766595
45	0.00010752499983937013	0.9841654869832315
46	0.00011073000023316126	1.0298070253297282
47	0.00011385499929019715	1.0282217922013517
48	0.00011672000000544358	1.0251635917009145
49	0.00012330499957897701	1.0564170628275045
50	0.0001237500004208414	1.0036089440280915
51	0.00012744000014208723	1.0298181794642192
52	0.00013304500025697054	1.0439814823339149
53	0.00013847000009263865	1.040775676088466
54	0.0001404200003889855	1.0140824748685078
55	0.00014413500066439154	1.0264563471379784
56	0.00014844999896013178	1.0299371996798155
57	0.00015519499938818627	1.0454361769976566
58	0.0001609349994396325	1.0369857281102781
59	0.00016758999954618047	1.0413520994794192
60	0.00017211500053235796	1.0270004236435992
61	0.0001718849987810245	0.9986636739934226
62	0.0001787549987056991	1.0399685834912606
63	0.00018602999989525415	1.0406981692385149
64	0.00018812499947671313	1.011261622225655
65	0.0001968549993762281	1.0464053152095587
66	0.00020377000073494854	1.0351273850328004
67	0.00020431999982974957	1.0026991171066266
68	0.00021436999923025725	1.049187546049735
69	0.00022410999990825077	1.045435465377465
70	0.00022054000073694623	0.9840703263006289
71	0.0002332200005184859	1.0574952377762254
72	0.00023532999948656653	1.0090472470773937
73	0.00024000999910640531	1.0198869656654461
74	0.00024884500053303784	1.0368109722908487
75	0.0002544799990573665	1.0226446121571993
76	0.0002681850004591979	1.0538549255446277
77	0.00026708500081440434	0.9958983550798512
78	0.0002782400006253738	1.0417657291759375
79	0.00028170000041427556	1.0124353068614327
80	0.00028473000056692397	1.0107561240617409
81	0.0002970449990243651	1.0432514959186625
82	0.00029321999791136476	0.9871231593678957
83	0.000305724999634549	1.042647165310206
84	0.0003062550000322517	1.0017335854062843
85	0.00032208499978878533	1.0516889512166872
86	0.0003250400008255383	1.0091745999928303
87	0.0003346199995576171	1.0294732916187161
88	0.0003462600001512328	1.0347857289134073
89	0.00034135000023525206	0.9858199043671338
90	0.00036280000022088644	1.0628387284923142
91	0.0003600199990614783	0.9923373727736615
92	0.00037612999985867643	1.0447475163579654
93	0.0003775799999857554	1.003855050454959
94	0.000381859999106382	1.0113353438232642
95	0.00039007500090519897	1.0215131247526357
96	0.00039475999983551446	1.0120105080290807
97	0.0003999599983217195	1.0131725567138812
98	0.00042758000054163856	1.069056911530693
99	0.00041465500034973954	0.9697717382115014
100	0.0004268949989636894	1.029518512024758
101	0.0004353849988547154	1.0198877942155236
102	0.00046585999880335296	1.0699955212715238
103	0.00045637000148417427	0.9796290788143316
104	0.00045322999976633583	0.9931196141121749
105	0.0004676800002926029	1.0318822684590976
106	0.0004762000011396594	1.0182175864730714
107	0.00048578000023553615	1.02011759570128
108	0.0004891899989161175	1.007019635800008
109	0.0005045150002843002	1.031327299008847
110	0.000514800000746618	1.0203859160907447
111	0.0005180250002013054	1.0062645676962125
112	0.0005266649994155159	1.0166787301980655
113	0.0005380150007113116	1.0215507035941098
114	0.0005517450001207181	1.0255197334484243
115	0.000554770000235294	1.0054826053954526
116	0.0005682950002665165	1.02437947262016
117	0.0005704749994038139	1.0038360343418031
118	0.000588104999405914	1.0309040712047413
119	0.0005909600011364091	1.0048545782358236
120	0.0006014250004227506	1.0177084731051467
121	0.0006118599991168594	1.0173504571422436
122	0.0006251900002098409	1.0217860313016403
123	0.0006257250006456161	1.0008557405518252
124	0.0006392749994120095	1.0216548783449801
125	0.0006545999993250006	1.0239724686982703
126	0.0006741599994711578	1.0298808435171505
127	0.000669295000625425	0.99278361390538
128	0.0006795999994210433	1.0153967963095327
129	0.0006924249992152909	1.0188713946515204
130	0.0006960049999179318	1.0051702360641197
131	0.0007062500008032657	1.0147197231148366
132	0.0007328900002903538	1.037720353213152
133	0.0007312700003240024	0.997789572833973
134	0.0007448899992596125	1.0186251301565434
135	0.0007714150000538211	1.0356092856939592
136	0.0007837849996576551	1.016035466775952
137	0.0007855649997509318	1.002271031078745
138	0.0007882799996878021	1.0034561111273175
139	0.0007910450003691949	1.00350763774609
140	0.0008170499997504522	1.0328742351814628
141	0.000839944999825093	1.0280215410092817
142	0.0008571400008804631	1.0204715797569492
143	0.0008336549995874521	0.9726007405221003
144	0.0008502199991198723	1.0198703295015537
145	0.0008527999994839775	1.0030345091467807
146	0.000869060000331956	1.0190666051334631
147	0.0009166550004010787	1.0547660691447573
148	0.0008905349990527611	0.9715050904245447
149	0.0008995200001663761	1.0100894418783901
150	0.0009335549995739712	1.037836845652459
151	0.0009271250000892906	0.9931123506514186
152	0.0009372850010549883	1.01095860964241
153	0.0009669700004451443	1.0316712625900801
154	0.0009704399999463931	1.0035885285992858
155	0.000971640000352636	1.0012365529103389
156	0.0010049349995824742	1.0342668058311253
157	0.0010048600015579723	0.9999253702731689
158	0.0010372049997386056	1.0321885617205226
159	0.001050635000137845	1.0129482603753588
160	0.0010580750011286	1.0070814326476643
161	0.0010735649990238016	1.0146397919605692
162	0.0010974749995511957	1.022271590960152
163	0.0011022049995517591	1.0043098931661294
164	0.0011119050010165664	1.0088005420668134
165	0.0011526400005095639	1.0366353235714878
166	0.0011475049999717158	0.9955450092521707
167	0.0011610300003667361	1.0117864413622195
168	0.0011557550002180505	0.9954566202880034
169	0.0011787199993705145	1.0198701274475397
170	0.001169595001192647	0.9922585531909693
171	0.0011992249987088145	1.0253335534830035
172	0.001211544999750913	1.0102733023872612
173	0.0012376849983411376	1.0215757554160998
174	0.001236620000054245	0.9991395239593919
175	0.0012888900004327298	1.0422684417009203
176	0.0012668349998421035	0.9828883763678657
177	0.0012869050002336734	1.0158426317508369
178	0.001337535000857315	1.0393424538831135
179	0.0013555250003264518	1.013450114918567
180	0.0014046050007891608	1.0362073738594928
181	0.0013426200010144384	0.9558701558517185
182	0.0013424900003883521	0.9999031739241274
183	0.0013821649998135399	1.0295532923252395
184	0.0013694649991521147	0.9908115162349369
185	0.0014106599996011938	1.0300810904072644
186	0.0014040999998542248	0.9953496946473115
187	0.0014572399995813612	1.0378463070526696
188	0.0014433450003707548	0.9904648519018157
189	0.0014610099995479686	1.0122389305208914
190	0.0014854499993816716	1.0167281537027568
191	0.00150748499945621	1.0148338887769435
192	0.0014802549994783476	0.9819368020327334
193	0.0014854299995931796	1.0034960193457585
194	0.001531504999002209	1.0310179540076936
195	0.0015527749998000217	1.0138882999478749
196	0.0015525450002314757	0.9998518783670682
197	0.001538359999540262	0.9908633883790172
198	0.001608239999768557	1.0454249982118482
199	0.0016147599992109463	1.004054120929294
200	0.0016789850011264206	1.0397737137078313
201	0.0016360199992050185	0.9744101335672581
202	0.0016715599987946917	1.0217234505733077
203	0.001644789999772911	0.9839850205550003
204	0.001647390000653104	1.0015807494455535
205	0.0017876199999591336	1.0851225266940043
206	0.0016890849998162593	0.9448792248100117
207	0.0017266499999095686	1.022239851811718
208	0.0017183649990329287	0.9952016906280521
209	0.0017670600009296322	1.0283379851918006
210	0.0017818350010202267	1.008361346011353
211	0.0017612200012081304	0.9884304664571676
212	0.0017759749993274455	1.0083777143736692
213	0.0018269550004333724	1.0287053596617255
214	0.0018517300006351434	1.0135608157813927
215	0.001838080000379705	0.9926285148208667
216	0.0018563399986305739	1.009934278294251
217	0.0018518550012231571	0.9975839569202165
218	0.0018919699989055517	1.0216620619086798
219	0.0019104749990219716	1.0097808105451591
220	0.0019360600010259077	1.0133919585532571
221	0.0019256799991126173	0.9946385949258855
222	0.0019489050002448494	1.0120606752642882
223	0.0019862449993524934	1.0191594762715233
224	0.002009199999884004	1.0115569834229885
225	0.002000910000060685	0.995873979781108
226	0.002047709999169456	1.0233893573960606
227	0.0020139900007052347	0.9835328252155344
228	0.0020420650005689824	1.0139399896990138
229	0.0020561149998684415	1.0068802899494111
230	0.002089565000278526	1.0162685454909988
231	0.0020704049995401872	0.9908306270751162
232	0.002098825000575744	1.0137267834273334
233	0.0021566149986028903	1.0275344528539987
234	0.002168915000220295	1.005703383137636
235	0.0021405449988378678	0.9869197265086249
236	0.0022042999997211156	1.0297844712061
237	0.002208460001202184	1.0018872211049288
238	0.002199305000976892	0.9958545772980683
239	0.00221057000089786	1.0051220726165604
240	0.0022575750004762084	1.0212637462551544
241	0.002280340000652359	1.0100838289630902
242	0.0022996050003712297	1.0084483014433634
243	0.00228775499999756	0.9948469409434417
244	0.002333030000590952	1.0197901438718047
245	0.002325780000319355	0.9968924530461415
246	0.00234899000133737	1.0099794481915003
247	0.002375524999661138	1.0112963436662825
248	0.0024712449994694907	1.0402942506696442
249	0.0023942950010678032	0.9688618496271286
250	0.002430385001207469	1.0150733306144692
251	0.0024319750002177896	1.0006542169284005
252	0.0024448550000670368	1.005296107011007
253	0.0024756250000791623	1.0125856134663536
254	0.0024760099997365613	1.0001555161453721
255	0.0024901250002585585	1.0057007041665822
256	0.0025118850007856963	1.0087385173534977
257	0.0025562349997926503	1.0176560626752744
258	0.0025588149997929576	1.0010092968762718
259	0.002580830000442802	1.0086035921516896
260	0.002629855000122916	1.0189958267966903
261	0.0026179649994446663	0.9954788379292038
262	0.0026475299997400724	1.0112931228269582
263	0.002666809999573161	1.0072822592510684
264	0.0026753149995784042	1.0031892035827843
265	0.002724455000497983	1.0183679308520015
266	0.002736370000275201	1.0043733516519966
267	0.002744604999315925	1.0030094610889229
268	0.0027761849993112263	1.011506209455704
269	0.002783984999769018	1.0028096111965619
270	0.002794700000231387	1.0038487996390992
271	0.0028162949998659314	1.007727126214891
272	0.0028406599994923454	1.0086514373059547
273	0.0028631249999307327	1.0079083735619194
274	0.0028832650001277215	1.007034272061987
275	0.002915559998655226	1.0112008429769979
276	0.0029205350008851385	1.0017063624937257
277	0.0029453249997459354	1.008488170439075
278	0.002967604999867035	1.0075645302718788
279	0.0029789799995342038	1.0038330571850629
280	0.0030298899990157226	1.0170897419551252
281	0.003029610000521643	0.9999075879011546
282	0.003056299999298062	1.0088097143763797
283	0.003079914998670574	1.0077266627549442
284	0.00310639500094112	1.0085976406108532
285	0.0031139300004724645	1.0024256411464292
286	0.00311235500012117	0.999494208170686
287	0.003150199999436154	1.0121596023954564
288	0.0031562399988615654	1.0019173383996232
289	0.003197915000055218	1.0132040026134528
290	0.003226520001044264	1.0089448909644416
291	0.0032408199993369637	1.0044320191066758
292	0.0032470400008605795	1.0019192678164441
293	0.003277640001033433	1.0094239677259114
294	0.0033001950003381355	1.0068814754816242
295	0.00332930500007933	1.0088206908192432
296	0.0033386400002200388	1.0028038885414483
297	0.0033654900009423725	1.008042197038484
298	0.0034324999989621572	1.0199109187669615
299	0.00344891500135418	1.0047822293946063
300	0.0034353199993347517	0.9960581800322448
